A01提交军需
大舰队 0.848485 0.914498 0.963832 0.990706
公共舰队 0.662757 0.163569 0.906158 0.825279
军需筹备1 0.457801 0.747573 0.56948 0.789182
大舰队提交确定 0.54902 0.672677 0.685422 0.750347
重复退出 0.54902 0.672677 0.685422 0.750347
返回主界面 0.939471 0.0776699 0.965047 0.116505
A02船坞已满
整理 0.277407 0.666667 0.415634 0.750381
一键退役 0.499523 0.884323 0.632984 0.96347
确定退役 0.720686 0.837139 0.85796 0.914764
重复点击 0.720686 0.837139 0.85796 0.914764
拆解装备 0.675882 0.713851 0.811249 0.788432
拆解装备获得材料确定 0.561487 0.739726 0.693994 0.817352
重复点击 0.561487 0.739726 0.693994 0.817352
返回 0.0333651 0.0928463 0.0734032 0.155251
返回主界面 0.939471 0.0776699 0.965047 0.116505
进入船坞 0.13918 0.91933 0.261201 0.977169
点击筛选 0.851287 0.0624049 0.92755 0.115677
点击无限制 0.175405 0.656012 0.28408 0.709285
点击可强化 0.516683 0.657534 0.623451 0.712329
点击确定 0.555767 0.834094 0.693041 0.907154
点击滑动进度条 0.959962 0.266362 0.966635 0.429224
随机点船 0.0781697 0.162861 0.948522 0.954338
点击强化 0.0142993 0.231355 0.0800763 0.316591
点击推荐 0.744519 0.81583 0.847474 0.878234
点击强化 0.870353 0.817352 0.975214 0.87519
点击确定 0.679695 0.712329 0.810296 0.785388
点击确定 0.56244 0.741248 0.693994 0.817352
返回主页 0.940896 0.086758 0.962822 0.114155
点击出击 0.786463 0.43379 0.898951 0.613394
继续自律寻敌 0.915157 0.761035 0.990467 0.809741
B01开始刷档案信标
点击左侧 0.0134745 0.232258 0.0356112 0.306452
点击信标 0.454283 0.654839 0.481232 0.685484
点击档案信标 0.555342 0.270968 0.771896 0.766129
点击解析 0.429259 0.203226 0.584216 0.709677
点击开始挑战 0.823869 0.870968 0.974976 0.959677
点击出击 0.810395 0.83871 0.962464 0.917742
Z99结束